Unlabelled necklaces for n = 5 and k = 2.

String
0 0 0 1 1
0 0 1 0 1


Unlabelled necklaces for n = 6 and k = 2.

String
0 0 0 0 1 1
0 0 0 1 0 1
0 0 1 0 0 1

0 0 1 0 1 1
0 1 0 1 0 1

Unlabelled necklaces for n = 7 and k = 2.
String
0 0 0 0 0 1 1
0 0 0 0 1 0 1
0 0 0 1 0 0 1

0 0 0 0 1 1 1
0 0 0 1 0 1 1
0 0 0 1 1 0 1
0 0 1 0 0 1 1
0 0 1 0 1 0 1

Unlabelled necklaces for n = 8 and k = 2.

String
0 0 0 0 0 0 1 1
0 0 0 0 0 1 0 1
0 0 0 0 1 0 0 1
0 0 0 1 0 0 0 1

0 0 0 0 0 1 1 1
0 0 0 0 1 0 1 1
0 0 0 0 1 1 0 1
0 0 0 1 0 0 1 1
0 0 0 1 0 1 0 1
0 0 0 1 1 0 0 1
0 0 1 0 0 1 0 1

0 0 0 0 1 1 1 1
0 0 0 1 0 1 1 1
0 0 0 1 1 0 1 1
0 0 1 0 1 0 1 1
0 0 1 0 1 1 0 1
0 0 1 1 0 0 1 1
0 1 0 1 0 1 0 1

Unlabelled necklaces for n = 9 and k = 2.

String
0 0 0 0 0 0 0 0 0
0 0 0 0 0 0 0 0 1
0 0 0 0 0 0 0 1 1
0 0 0 0 0 0 1 0 1
0 0 0 0 0 0 1 1 1
0 0 0 0 0 1 0 0 1
0 0 0 0 0 1 0 1 1
0 0 0 0 0 1 1 0 1
0 0 0 0 0 1 1 1 1
0 0 0 0 1 0 0 0 1
0 0 0 0 1 0 0 1 1
0 0 0 0 1 0 1 0 1
0 0 0 0 1 0 1 1 1
0 0 0 0 1 1 0 0 1
0 0 0 0 1 1 0 1 1
0 0 0 0 1 1 1 0 1
0 0 0 1 0 0 0 1 1
0 0 0 1 0 0 1 0 1
0 0 0 1 0 0 1 1 1
0 0 0 1 0 1 0 0 1
0 0 0 1 0 1 0 1 1
0 0 0 1 0 1 1 0 1
0 0 0 1 1 0 0 1 1
0 0 0 1 1 0 1 0 1
0 0 0 1 1 0 1 1 1
0 0 1 0 0 1 0 0 1
0 0 1 0 0 1 0 1 1
0 0 1 0 0 1 1 0 1
0 0 1 0 1 0 0 1 1
0 0 1 0 1 0 1 0 1

Unlabelled necklaces for n = 10 and k = 2.

String
0 0 0 0 0 0 0 0 0 0
0 0 0 0 0 0 0 0 0 1
0 0 0 0 0 0 0 0 1 1
0 0 0 0 0 0 0 1 0 1
0 0 0 0 0 0 0 1 1 1
0 0 0 0 0 0 1 0 0 1
0 0 0 0 0 0 1 0 1 1
0 0 0 0 0 0 1 1 0 1
0 0 0 0 0 0 1 1 1 1
0 0 0 0 0 1 0 0 0 1
0 0 0 0 0 1 0 0 1 1
0 0 0 0 0 1 0 1 0 1
0 0 0 0 0 1 0 1 1 1
0 0 0 0 0 1 1 0 0 1
0 0 0 0 0 1 1 0 1 1
0 0 0 0 0 1 1 1 0 1
0 0 0 0 0 1 1 1 1 1
0 0 0 0 1 0 0 0 0 1
0 0 0 0 1 0 0 0 1 1
0 0 0 0 1 0 0 1 0 1
0 0 0 0 1 0 0 1 1 1
0 0 0 0 1 0 1 0 0 1
0 0 0 0 1 0 1 0 1 1
0 0 0 0 1 0 1 1 0 1
0 0 0 0 1 0 1 1 1 1
0 0 0 0 1 1 0 0 0 1
0 0 0 0 1 1 0 0 1 1
0 0 0 0 1 1 0 1 0 1
0 0 0 0 1 1 0 1 1 1
0 0 0 0 1 1 1 0 0 1
0 0 0 0 1 1 1 0 1 1
0 0 0 1 0 0 0 1 0 1
0 0 0 1 0 0 0 1 1 1
0 0 0 1 0 0 1 0 0 1
0 0 0 1 0 0 1 0 1 1
0 0 0 1 0 0 1 1 0 1
0 0 0 1 0 1 0 0 1 1
0 0 0 1 0 1 0 1 0 1
0 0 0 1 0 1 0 1 1 1
0 0 0 1 0 1 1 0 0 1
0 0 0 1 0 1 1 0 1 1
0 0 0 1 0 1 1 1 0 1
0 0 0 1 1 0 0 0 1 1
0 0 0 1 1 0 0 1 0 1
0 0 0 1 1 0 0 1 1 1
0 0 0 1 1 0 1 0 0 1
0 0 0 1 1 0 1 0 1 1
0 0 0 1 1 0 1 1 0 1
0 0 1 0 0 1 0 0 1 1
0 0 1 0 0 1 0 1 0 1
0 0 1 0 0 1 1 0 1 1
0 0 1 0 1 0 0 1 0 1
0 0 1 0 1 0 1 0 1 1
0 0 1 0 1 0 1 1 0 1
0 0 1 0 1 1 0 0 1 1
0 1 0 1 0 1 0 1 0 1

Unlabelled necklaces for n = 11 and k = 2.

String
0 0 0 0 0 0 0 0 0 0 0
0 0 0 0 0 0 0 0 0 0 1
0 0 0 0 0 0 0 0 0 1 1
0 0 0 0 0 0 0 0 1 0 1
0 0 0 0 0 0 0 0 1 1 1
0 0 0 0 0 0 0 1 0 0 1
0 0 0 0 0 0 0 1 0 1 1
0 0 0 0 0 0 0 1 1 0 1
0 0 0 0 0 0 0 1 1 1 1
0 0 0 0 0 0 1 0 0 0 1
0 0 0 0 0 0 1 0 0 1 1
0 0 0 0 0 0 1 0 1 0 1
0 0 0 0 0 0 1 0 1 1 1
0 0 0 0 0 0 1 1 0 0 1
0 0 0 0 0 0 1 1 0 1 1
0 0 0 0 0 0 1 1 1 0 1
0 0 0 0 0 0 1 1 1 1 1
0 0 0 0 0 1 0 0 0 0 1
0 0 0 0 0 1 0 0 0 1 1
0 0 0 0 0 1 0 0 1 0 1
0 0 0 0 0 1 0 0 1 1 1
0 0 0 0 0 1 0 1 0 0 1
0 0 0 0 0 1 0 1 0 1 1
0 0 0 0 0 1 0 1 1 0 1
0 0 0 0 0 1 0 1 1 1 1
0 0 0 0 0 1 1 0 0 0 1
0 0 0 0 0 1 1 0 0 1 1
0 0 0 0 0 1 1 0 1 0 1
0 0 0 0 0 1 1 0 1 1 1
0 0 0 0 0 1 1 1 0 0 1
0 0 0 0 0 1 1 1 0 1 1
0 0 0 0 0 1 1 1 1 0 1
0 0 0 0 1 0 0 0 0 1 1
0 0 0 0 1 0 0 0 1 0 1
0 0 0 0 1 0 0 0 1 1 1
0 0 0 0 1 0 0 1 0 0 1
0 0 0 0 1 0 0 1 0 1 1
0 0 0 0 1 0 0 1 1 0 1
0 0 0 0 1 0 0 1 1 1 1
0 0 0 0 1 0 1 0 0 0 1
0 0 0 0 1 0 1 0 0 1 1
0 0 0 0 1 0 1 0 1 0 1
0 0 0 0 1 0 1 0 1 1 1
0 0 0 0 1 0 1 1 0 0 1
0 0 0 0 1 0 1 1 0 1 1
0 0 0 0 1 0 1 1 1 0 1
0 0 0 0 1 1 0 0 0 1 1
0 0 0 0 1 1 0 0 1 0 1
0 0 0 0 1 1 0 0 1 1 1
0 0 0 0 1 1 0 1 0 0 1
0 0 0 0 1 1 0 1 0 1 1
0 0 0 0 1 1 0 1 1 0 1
0 0 0 0 1 1 0 1 1 1 1
0 0 0 0 1 1 1 0 0 0 1
0 0 0 0 1 1 1 0 0 1 1
0 0 0 0 1 1 1 0 1 0 1
0 0 0 0 1 1 1 0 1 1 1
0 0 0 1 0 0 0 1 0 0 1
0 0 0 1 0 0 0 1 0 1 1
0 0 0 1 0 0 0 1 1 0 1
0 0 0 1 0 0 1 0 0 1 1
0 0 0 1 0 0 1 0 1 0 1
0 0 0 1 0 0 1 0 1 1 1
0 0 0 1 0 0 1 1 0 0 1
0 0 0 1 0 0 1 1 0 1 1
0 0 0 1 0 0 1 1 1 0 1
0 0 0 1 0 1 0 0 0 1 1
0 0 0 1 0 1 0 0 1 0 1
0 0 0 1 0 1 0 0 1 1 1
0 0 0 1 0 1 0 1 0 0 1
0 0 0 1 0 1 0 1 0 1 1
0 0 0 1 0 1 0 1 1 0 1
0 0 0 1 0 1 1 0 0 1 1
0 0 0 1 0 1 1 0 1 0 1
0 0 0 1 0 1 1 0 1 1 1
0 0 0 1 0 1 1 1 0 0 1
0 0 0 1 1 0 0 0 1 1 1
0 0 0 1 1 0 0 1 0 0 1
0 0 0 1 1 0 0 1 0 1 1
0 0 0 1 1 0 0 1 1 0 1
0 0 0 1 1 0 1 0 0 1 1
0 0 0 1 1 0 1 0 1 0 1
0 0 0 1 1 0 1 0 1 1 1
0 0 0 1 1 0 1 1 0 0 1
0 0 0 1 1 0 1 1 0 1 1
0 0 1 0 0 1 0 0 1 0 1
0 0 1 0 0 1 0 1 0 1 1
0 0 1 0 0 1 0 1 1 0 1
0 0 1 0 0 1 1 0 0 1 1
0 0 1 0 0 1 1 0 1 0 1
0 0 1 0 1 0 0 1 0 1 1
0 0 1 0 1 0 0 1 1 0 1
0 0 1 0 1 0 1 0 0 1 1
0 0 1 0 1 0 1 0 1 0 1

Unlabelled necklaces for n = 12 and k = 2.

String
0 0 0 0 0 0 0 0 0 0 0 0
0 0 0 0 0 0 0 0 0 0 0 1
0 0 0 0 0 0 0 0 0 0 1 1
0 0 0 0 0 0 0 0 0 1 0 1
0 0 0 0 0 0 0 0 0 1 1 1
0 0 0 0 0 0 0 0 1 0 0 1
0 0 0 0 0 0 0 0 1 0 1 1
0 0 0 0 0 0 0 0 1 1 0 1
0 0 0 0 0 0 0 0 1 1 1 1
0 0 0 0 0 0 0 1 0 0 0 1
0 0 0 0 0 0 0 1 0 0 1 1
0 0 0 0 0 0 0 1 0 1 0 1
0 0 0 0 0 0 0 1 0 1 1 1
0 0 0 0 0 0 0 1 1 0 0 1
0 0 0 0 0 0 0 1 1 0 1 1
0 0 0 0 0 0 0 1 1 1 0 1
0 0 0 0 0 0 0 1 1 1 1 1
0 0 0 0 0 0 1 0 0 0 0 1
0 0 0 0 0 0 1 0 0 0 1 1
0 0 0 0 0 0 1 0 0 1 0 1
0 0 0 0 0 0 1 0 0 1 1 1
0 0 0 0 0 0 1 0 1 0 0 1
0 0 0 0 0 0 1 0 1 0 1 1
0 0 0 0 0 0 1 0 1 1 0 1
0 0 0 0 0 0 1 0 1 1 1 1
0 0 0 0 0 0 1 1 0 0 0 1
0 0 0 0 0 0 1 1 0 0 1 1
0 0 0 0 0 0 1 1 0 1 0 1
0 0 0 0 0 0 1 1 0 1 1 1
0 0 0 0 0 0 1 1 1 0 0 1
0 0 0 0 0 0 1 1 1 0 1 1
0 0 0 0 0 0 1 1 1 1 0 1
0 0 0 0 0 0 1 1 1 1 1 1
0 0 0 0 0 1 0 0 0 0 0 1
0 0 0 0 0 1 0 0 0 0 1 1
0 0 0 0 0 1 0 0 0 1 0 1
0 0 0 0 0 1 0 0 0 1 1 1
0 0 0 0 0 1 0 0 1 0 0 1
0 0 0 0 0 1 0 0 1 0 1 1
0 0 0 0 0 1 0 0 1 1 0 1
0 0 0 0 0 1 0 0 1 1 1 1
0 0 0 0 0 1 0 1 0 0 0 1
0 0 0 0 0 1 0 1 0 0 1 1
0 0 0 0 0 1 0 1 0 1 0 1
0 0 0 0 0 1 0 1 0 1 1 1
0 0 0 0 0 1 0 1 1 0 0 1
0 0 0 0 0 1 0 1 1 0 1 1
0 0 0 0 0 1 0 1 1 1 0 1
0 0 0 0 0 1 0 1 1 1 1 1
0 0 0 0 0 1 1 0 0 0 0 1
0 0 0 0 0 1 1 0 0 0 1 1
0 0 0 0 0 1 1 0 0 1 0 1
0 0 0 0 0 1 1 0 0 1 1 1
0 0 0 0 0 1 1 0 1 0 0 1
0 0 0 0 0 1 1 0 1 0 1 1
0 0 0 0 0 1 1 0 1 1 0 1
0 0 0 0 0 1 1 0 1 1 1 1
0 0 0 0 0 1 1 1 0 0 0 1
0 0 0 0 0 1 1 1 0 0 1 1
0 0 0 0 0 1 1 1 0 1 0 1
0 0 0 0 0 1 1 1 0 1 1 1
0 0 0 0 0 1 1 1 1 0 0 1
0 0 0 0 0 1 1 1 1 0 1 1
0 0 0 0 1 0 0 0 0 1 0 1
0 0 0 0 1 0 0 0 0 1 1 1
0 0 0 0 1 0 0 0 1 0 0 1
0 0 0 0 1 0 0 0 1 0 1 1
0 0 0 0 1 0 0 0 1 1 0 1
0 0 0 0 1 0 0 0 1 1 1 1
0 0 0 0 1 0 0 1 0 0 0 1
0 0 0 0 1 0 0 1 0 0 1 1
0 0 0 0 1 0 0 1 0 1 0 1
0 0 0 0 1 0 0 1 0 1 1 1
0 0 0 0 1 0 0 1 1 0 0 1
0 0 0 0 1 0 0 1 1 0 1 1
0 0 0 0 1 0 0 1 1 1 0 1
0 0 0 0 1 0 1 0 0 0 1 1
0 0 0 0 1 0 1 0 0 1 0 1
0 0 0 0 1 0 1 0 0 1 1 1
0 0 0 0 1 0 1 0 1 0 0 1
0 0 0 0 1 0 1 0 1 0 1 1
0 0 0 0 1 0 1 0 1 1 0 1
0 0 0 0 1 0 1 0 1 1 1 1
0 0 0 0 1 0 1 1 0 0 0 1
0 0 0 0 1 0 1 1 0 0 1 1
0 0 0 0 1 0 1 1 0 1 0 1
0 0 0 0 1 0 1 1 0 1 1 1
0 0 0 0 1 0 1 1 1 0 0 1
0 0 0 0 1 0 1 1 1 0 1 1
0 0 0 0 1 0 1 1 1 1 0 1
0 0 0 0 1 1 0 0 0 0 1 1
0 0 0 0 1 1 0 0 0 1 0 1
0 0 0 0 1 1 0 0 0 1 1 1
0 0 0 0 1 1 0 0 1 0 0 1
0 0 0 0 1 1 0 0 1 0 1 1
0 0 0 0 1 1 0 0 1 1 0 1
0 0 0 0 1 1 0 0 1 1 1 1
0 0 0 0 1 1 0 1 0 0 0 1
0 0 0 0 1 1 0 1 0 0 1 1
0 0 0 0 1 1 0 1 0 1 0 1
0 0 0 0 1 1 0 1 0 1 1 1
0 0 0 0 1 1 0 1 1 0 0 1
0 0 0 0 1 1 0 1 1 0 1 1
0 0 0 0 1 1 0 1 1 1 0 1
0 0 0 0 1 1 1 0 0 0 1 1
0 0 0 0 1 1 1 0 0 1 0 1
0 0 0 0 1 1 1 0 0 1 1 1
0 0 0 0 1 1 1 0 1 0 0 1
0 0 0 0 1 1 1 0 1 0 1 1
0 0 0 0 1 1 1 0 1 1 0 1
0 0 0 0 1 1 1 0 1 1 1 1
0 0 0 1 0 0 0 1 0 0 0 1
0 0 0 1 0 0 0 1 0 0 1 1
0 0 0 1 0 0 0 1 0 1 0 1
0 0 0 1 0 0 0 1 0 1 1 1
0 0 0 1 0 0 0 1 1 0 0 1
0 0 0 1 0 0 0 1 1 0 1 1
0 0 0 1 0 0 0 1 1 1 0 1
0 0 0 1 0 0 1 0 0 0 1 1
0 0 0 1 0 0 1 0 0 1 0 1
0 0 0 1 0 0 1 0 0 1 1 1
0 0 0 1 0 0 1 0 1 0 0 1
0 0 0 1 0 0 1 0 1 0 1 1
0 0 0 1 0 0 1 0 1 1 0 1
0 0 0 1 0 0 1 1 0 0 1 1
0 0 0 1 0 0 1 1 0 1 0 1
0 0 0 1 0 0 1 1 0 1 1 1
0 0 0 1 0 0 1 1 1 0 0 1
0 0 0 1 0 0 1 1 1 0 1 1
0 0 0 1 0 1 0 0 0 1 0 1
0 0 0 1 0 1 0 0 0 1 1 1
0 0 0 1 0 1 0 0 1 0 0 1
0 0 0 1 0 1 0 0 1 0 1 1
0 0 0 1 0 1 0 0 1 1 0 1
0 0 0 1 0 1 0 1 0 0 1 1
0 0 0 1 0 1 0 1 0 1 0 1
0 0 0 1 0 1 0 1 0 1 1 1
0 0 0 1 0 1 0 1 1 0 0 1
0 0 0 1 0 1 0 1 1 0 1 1
0 0 0 1 0 1 0 1 1 1 0 1
0 0 0 1 0 1 1 0 0 0 1 1
0 0 0 1 0 1 1 0 0 1 0 1
0 0 0 1 0 1 1 0 0 1 1 1
0 0 0 1 0 1 1 0 1 0 0 1
0 0 0 1 0 1 1 0 1 0 1 1
0 0 0 1 0 1 1 0 1 1 0 1
0 0 0 1 0 1 1 1 0 0 1 1
0 0 0 1 1 0 0 0 1 1 0 1
0 0 0 1 1 0 0 1 0 0 1 1
0 0 0 1 1 0 0 1 0 1 0 1
0 0 0 1 1 0 0 1 0 1 1 1
0 0 0 1 1 0 0 1 1 0 0 1
0 0 0 1 1 0 0 1 1 0 1 1
0 0 0 1 1 0 1 0 0 1 0 1
0 0 0 1 1 0 1 0 0 1 1 1
0 0 0 1 1 0 1 0 1 0 0 1
0 0 0 1 1 0 1 0 1 0 1 1
0 0 0 1 1 0 1 0 1 1 0 1
0 0 0 1 1 0 1 1 0 0 1 1
0 0 0 1 1 0 1 1 0 1 0 1
0 0 0 1 1 0 1 1 0 1 1 1
0 0 0 1 1 0 1 1 1 0 0 1
0 0 0 1 1 1 0 0 0 1 1 1
0 0 1 0 0 1 0 0 1 0 0 1
0 0 1 0 0 1 0 0 1 0 1 1
0 0 1 0 0 1 0 0 1 1 0 1
0 0 1 0 0 1 0 1 0 0 1 1
0 0 1 0 0 1 0 1 0 1 0 1
0 0 1 0 0 1 0 1 1 0 1 1
0 0 1 0 0 1 1 0 0 1 0 1
0 0 1 0 0 1 1 0 1 0 1 1
0 0 1 0 1 0 0 1 0 1 0 1
0 0 1 0 1 0 1 0 1 0 1 1
0 0 1 0 1 0 1 0 1 1 0 1
0 0 1 0 1 0 1 1 0 0 1 1
0 0 1 0 1 0 1 1 0 1 0 1
0 0 1 0 1 1 0 0 1 0 1 1
0 0 1 0 1 1 0 0 1 1 0 1
0 0 1 1 0 0 1 1 0 0 1 1
0 1 0 1 0 1 0 1 0 1 0 1

Total output = 180
