DL2:=BlockDesigns(rec(
v:=12,blockSizes:=[6],
tSubsetStructure:=rec(t:=5,lambdas:=[1])));
gap> DL2[1].blocks;

S (5 6 12)
[ [ 1, 2, 3, 4, 5, 6 ], [ 1, 2, 3, 4, 7, 8 ], [ 1, 2, 3, 4, 9, 10 ], 
  [ 1, 2, 3, 4, 11, 12 ], [ 1, 2, 3, 5, 7, 9 ], [ 1, 2, 3, 5, 8, 11 ], 
  [ 1, 2, 3, 5, 10, 12 ], [ 1, 2, 3, 6, 7, 12 ], [ 1, 2, 3, 6, 8, 10 ], 
  [ 1, 2, 3, 6, 9, 11 ], [ 1, 2, 3, 7, 10, 11 ], [ 1, 2, 3, 8, 9, 12 ], 
  [ 1, 2, 4, 5, 7, 10 ], [ 1, 2, 4, 5, 8, 12 ], [ 1, 2, 4, 5, 9, 11 ], 
  [ 1, 2, 4, 6, 7, 11 ], [ 1, 2, 4, 6, 8, 9 ], [ 1, 2, 4, 6, 10, 12 ], 
  [ 1, 2, 4, 7, 9, 12 ], [ 1, 2, 4, 8, 10, 11 ], [ 1, 2, 5, 6, 7, 8 ], 
  [ 1, 2, 5, 6, 9, 12 ], [ 1, 2, 5, 6, 10, 11 ], [ 1, 2, 5, 7, 11, 12 ], 
  [ 1, 2, 5, 8, 9, 10 ], [ 1, 2, 6, 7, 9, 10 ], [ 1, 2, 6, 8, 11, 12 ], 
  [ 1, 2, 7, 8, 9, 11 ], [ 1, 2, 7, 8, 10, 12 ], [ 1, 2, 9, 10, 11, 12 ], 
  [ 1, 3, 4, 5, 7, 11 ], [ 1, 3, 4, 5, 8, 10 ], [ 1, 3, 4, 5, 9, 12 ], 
  [ 1, 3, 4, 6, 7, 9 ], [ 1, 3, 4, 6, 8, 12 ], [ 1, 3, 4, 6, 10, 11 ], 
  [ 1, 3, 4, 7, 10, 12 ], [ 1, 3, 4, 8, 9, 11 ], [ 1, 3, 5, 6, 7, 10 ], 
  [ 1, 3, 5, 6, 8, 9 ], [ 1, 3, 5, 6, 11, 12 ], [ 1, 3, 5, 7, 8, 12 ], 
  [ 1, 3, 5, 9, 10, 11 ], [ 1, 3, 6, 7, 8, 11 ], [ 1, 3, 6, 9, 10, 12 ], 
  [ 1, 3, 7, 8, 9, 10 ], [ 1, 3, 7, 9, 11, 12 ], [ 1, 3, 8, 10, 11, 12 ], 
  [ 1, 4, 5, 6, 7, 12 ], [ 1, 4, 5, 6, 8, 11 ], [ 1, 4, 5, 6, 9, 10 ], 
  [ 1, 4, 5, 7, 8, 9 ], [ 1, 4, 5, 10, 11, 12 ], [ 1, 4, 6, 7, 8, 10 ], 
  [ 1, 4, 6, 9, 11, 12 ], [ 1, 4, 7, 8, 11, 12 ], [ 1, 4, 7, 9, 10, 11 ], 
  [ 1, 4, 8, 9, 10, 12 ], [ 1, 5, 6, 7, 9, 11 ], [ 1, 5, 6, 8, 10, 12 ], 
  [ 1, 5, 7, 8, 10, 11 ], [ 1, 5, 7, 9, 10, 12 ], [ 1, 5, 8, 9, 11, 12 ], 
  [ 1, 6, 7, 8, 9, 12 ], [ 1, 6, 7, 10, 11, 12 ], [ 1, 6, 8, 9, 10, 11 ], 
  [ 2, 3, 4, 5, 7, 12 ], [ 2, 3, 4, 5, 8, 9 ], [ 2, 3, 4, 5, 10, 11 ], 
  [ 2, 3, 4, 6, 7, 10 ], [ 2, 3, 4, 6, 8, 11 ], [ 2, 3, 4, 6, 9, 12 ], 
  [ 2, 3, 4, 7, 9, 11 ], [ 2, 3, 4, 8, 10, 12 ], [ 2, 3, 5, 6, 7, 11 ], 
  [ 2, 3, 5, 6, 8, 12 ], [ 2, 3, 5, 6, 9, 10 ], [ 2, 3, 5, 7, 8, 10 ], 
  [ 2, 3, 5, 9, 11, 12 ], [ 2, 3, 6, 7, 8, 9 ], [ 2, 3, 6, 10, 11, 12 ], 
  [ 2, 3, 7, 8, 11, 12 ], [ 2, 3, 7, 9, 10, 12 ], [ 2, 3, 8, 9, 10, 11 ], 
  [ 2, 4, 5, 6, 7, 9 ], [ 2, 4, 5, 6, 8, 10 ], [ 2, 4, 5, 6, 11, 12 ], 
  [ 2, 4, 5, 7, 8, 11 ], [ 2, 4, 5, 9, 10, 12 ], [ 2, 4, 6, 7, 8, 12 ], 
  [ 2, 4, 6, 9, 10, 11 ], [ 2, 4, 7, 8, 9, 10 ], [ 2, 4, 7, 10, 11, 12 ], 
  [ 2, 4, 8, 9, 11, 12 ], [ 2, 5, 6, 7, 10, 12 ], [ 2, 5, 6, 8, 9, 11 ], 
  [ 2, 5, 7, 8, 9, 12 ], [ 2, 5, 7, 9, 10, 11 ], [ 2, 5, 8, 10, 11, 12 ], 
  [ 2, 6, 7, 8, 10, 11 ], [ 2, 6, 7, 9, 11, 12 ], [ 2, 6, 8, 9, 10, 12 ], 
  [ 3, 4, 5, 6, 7, 8 ], [ 3, 4, 5, 6, 9, 11 ], [ 3, 4, 5, 6, 10, 12 ], 
  [ 3, 4, 5, 7, 9, 10 ], [ 3, 4, 5, 8, 11, 12 ], [ 3, 4, 6, 7, 11, 12 ], 
  [ 3, 4, 6, 8, 9, 10 ], [ 3, 4, 7, 8, 9, 12 ], [ 3, 4, 7, 8, 10, 11 ], 
  [ 3, 4, 9, 10, 11, 12 ], [ 3, 5, 6, 7, 9, 12 ], [ 3, 5, 6, 8, 10, 11 ], 
  [ 3, 5, 7, 8, 9, 11 ], [ 3, 5, 7, 10, 11, 12 ], [ 3, 5, 8, 9, 10, 12 ], 
  [ 3, 6, 7, 8, 10, 12 ], [ 3, 6, 7, 9, 10, 11 ], [ 3, 6, 8, 9, 11, 12 ], 
  [ 4, 5, 6, 7, 10, 11 ], [ 4, 5, 6, 8, 9, 12 ], [ 4, 5, 7, 8, 10, 12 ], 
  [ 4, 5, 7, 9, 11, 12 ], [ 4, 5, 8, 9, 10, 11 ], [ 4, 6, 7, 8, 9, 11 ], 
  [ 4, 6, 7, 9, 10, 12 ], [ 4, 6, 8, 10, 11, 12 ], [ 5, 6, 7, 8, 9, 10 ], 
  [ 5, 6, 7, 8, 11, 12 ], [ 5, 6, 9, 10, 11, 12 ], [ 7, 8, 9, 10, 11, 12 ] ]


S (3 4 8) ; hadamard
; size 14
[ [ 1, 2, 3, 4 ], [ 1, 2, 5, 6 ], [ 1, 2, 7, 8 ], [ 1, 3, 5, 7 ], 
  [ 1, 3, 6, 8 ], [ 1, 4, 5, 8 ], [ 1, 4, 6, 7 ], [ 2, 3, 5, 8 ], 
  [ 2, 3, 6, 7 ], [ 2, 4, 5, 7 ], [ 2, 4, 6, 8 ], [ 3, 4, 5, 6 ], 
  [ 3, 4, 7, 8 ], [ 5, 6, 7, 8 ] ]

