S3 (3 6 12)

gap> DL2[1].blocks;
[ [ 1, 2, 3, 4, 5, 6 ], [ 1, 2, 3, 7, 8, 9 ], [ 1, 2, 4, 7, 10, 11 ], 
  [ 1, 2, 5, 8, 10, 12 ], [ 1, 2, 6, 9, 11, 12 ], [ 1, 3, 4, 8, 11, 12 ], 
  [ 1, 3, 5, 9, 10, 11 ], [ 1, 3, 6, 7, 10, 12 ], [ 1, 4, 5, 7, 9, 12 ], 
  [ 1, 4, 6, 8, 9, 10 ], [ 1, 5, 6, 7, 8, 11 ], [ 2, 3, 4, 9, 10, 12 ], 
  [ 2, 3, 5, 7, 11, 12 ], [ 2, 3, 6, 8, 10, 11 ], [ 2, 4, 5, 8, 9, 11 ], 
  [ 2, 4, 6, 7, 8, 12 ], [ 2, 5, 6, 7, 9, 10 ], [ 3, 4, 5, 7, 8, 10 ], 
  [ 3, 4, 6, 7, 9, 11 ], [ 3, 5, 6, 8, 9, 12 ], [ 4, 5, 6, 10, 11, 12 ], 
  [ 7, 8, 9, 10, 11, 12 ] ]
gap> Size(DL2[1].blocks);
22
gap> quit;
