gap> tilings([1,1,0,0,1],1,5,400);
[ 1, 1, 2, 1, 1 ]  Length 15
[ 1, 1, 2, 2, 1, 3, 2, 3, 4, 4, 5, 5, 4, 3, 5 ]

[ 2, 2, 2, 2, 1 ]  Length 15
[ 1, 2, 1, 2, 3, 4, 3, 4, 1, 2, 5, 5, 3, 4, 5 ]

[ 1, 1, 3, 2, 1, 1 ]  Length 18
[ 1, 1, 2, 2, 1, 3, 2, 4, 3, 4, 5, 5, 6, 6, 5, 4, 6, 3 ]

[ 5, 2, 4, 3, 4, 1, 2, 2, 1 ]  Length 27
[ 1, 2, 3, 2, 4, 1, 3, 4, 5, 2, 6, 6, 5, 7, 6, 7, 4, 8, 3, 8, 1, 7, 9, 9, 
5, 
  8, 9 ]

[ 5, 2, 4, 3, 4, 4, 2, 2, 1 ]  Length 27
[ 1, 2, 3, 2, 4, 1, 3, 4, 5, 2, 6, 7, 5, 7, 6, 8, 4, 8, 3, 7, 1, 9, 9, 8, 
5, 
  9, 6 ]



gap> tilings([1,0,1,1,0,0,1],1,6,1400);
[ 5, 1, 2, 2, 2, 4, 4, 1, 2, 2, 1 ]  Length 44
[ 1, 2, 3, 2, 2, 4, 3, 2, 3, 4, 1, 4, 5, 6, 3, 1, 5, 4, 5, 7, 8, 6, 8, 8, 
5, 
  6, 8, 7, 9, 10, 1, 7, 9, 10, 9, 10, 11, 6, 11, 11, 9, 10, 11, 7 ]

